 10.0  -25.0   47.0    0.0
  2.0  -19.0   63.0    0.0
-10.0  -13.0   72.0    0.0
-15.0   -6.0   78.0    0.0
-26.0    0.0   79.0    0.0
-34.0    6.0   75.0    0.0
-41.0   12.0   62.0    1.0
-42.0   17.0   42.0    7.0
-39.0   19.0   23.0   14.0
-31.0   15.0    8.0   30.0
-25.0   10.0    0.0   47.0
-19.0    2.0    0.0   63.0
-13.0  -10.0    0.0   72.0
 -6.0  -15.0    0.0   78.0
  0.0  -26.0    0.0   79.0
  6.0  -34.0    0.0   75.0
 12.0  -41.0    1.0   62.0
 17.0  -42.0    7.0   42.0
 19.0  -39.0   14.0   23.0
 15.0  -31.0   30.0    8.0
