 10.0  -25.0   0.0   0.0
  2.0  -19.0   0.0   0.0
-10.0  -13.0   0.0   0.0
-15.0   -6.0   0.0   0.0
-26.0    0.0   0.0   0.0
-34.0    6.0   0.0   0.0
-41.0   12.0   0.0   0.0
-42.0   17.0   0.0   0.0
-39.0   19.0   0.0   0.0
-31.0   15.0   0.0   0.0
-25.0   10.0   0.0   0.0
-19.0    2.0   0.0   0.0
-13.0  -10.0   0.0   0.0
 -6.0  -15.0   0.0   0.0
  0.0  -26.0   0.0   0.0
  6.0  -34.0   0.0   0.0
 12.0  -41.0   0.0   0.0
 17.0  -42.0   0.0   0.0
 19.0  -39.0   0.0   0.0
 15.0  -31.0   0.0   0.0
